   2.7220000e+02
   2.6870000e+02
   2.6520000e+02
   2.6170000e+02
   2.5570000e+02
   2.4970000e+02
   2.4370000e+02
   2.3770000e+02
   2.3170000e+02
   2.2570000e+02
   2.1970000e+02
   2.1920000e+02
   2.1870000e+02
   2.1820000e+02
   2.1770000e+02
   2.1720000e+02
   2.1670000e+02
   2.1620000e+02
   2.1570000e+02
   2.1520000e+02
   2.1520000e+02
   2.1520000e+02
   2.1520000e+02
   2.1520000e+02
   2.1520000e+02
   2.1520000e+02
   2.1526200e+02
   2.1544100e+02
   2.1580000e+02
   2.1641800e+02
   2.1740000e+02
   2.1883900e+02
   2.2066500e+02
   2.2279700e+02
   2.2518300e+02
   2.2780000e+02
   2.3063300e+02
   2.3363300e+02
   2.3674900e+02
   2.3994800e+02
   2.4320000e+02
   2.4647700e+02
   2.4972100e+02
   2.5286200e+02
   2.5582100e+02
   2.5850000e+02
   2.6080200e+02
   2.6271500e+02
   2.6421900e+02
   2.6525100e+02
   2.6570000e+02
