   3.0000000e+02
   2.9400000e+02
   2.8800000e+02
   2.8400000e+02
   2.7700000e+02
   2.7000000e+02
   2.6400000e+02
   2.5700000e+02
   2.5000000e+02
   2.4400000e+02
   2.3700000e+02
   2.3000000e+02
   2.2400000e+02
   2.1700000e+02
   2.1000000e+02
   2.0400000e+02
   1.9700000e+02
   1.9500000e+02
   1.9900000e+02
   2.0300000e+02
   2.0700000e+02
   2.1100000e+02
   2.1500000e+02
   2.1700000e+02
   2.1900000e+02
   2.2100000e+02
   2.2307100e+02
   2.2524400e+02
   2.2747800e+02
   2.2974000e+02
   2.3200000e+02
   2.3423500e+02
   2.3644600e+02
   2.3864100e+02
   2.4082400e+02
   2.4300000e+02
   2.4517200e+02
   2.4734900e+02
   2.4953800e+02
   2.5175100e+02
   2.5400000e+02
   2.5629100e+02
   2.5858600e+02
   2.6083900e+02
   2.6299700e+02
   2.6500000e+02
   2.6677700e+02
   2.6826800e+02
   2.6939000e+02
   2.7002500e+02
   2.7000000e+02
